## File: generated30-1
Path: (1,7) (12,13) (14,19) (23,29) 30
Length: 56.71
## File: generated100-1
Path: 1 11 13 22 32 33 54 44 56 66 76 78 88 98 100
Length: 47.94
## File: generated500-1
Path: 1 25 48 71 116 161 183 228 251 295 318 363 408 431 453 499 500
Length 624.44
## File: generated 500-2
Path: 1 137 296 500
Length 586.15
## File: generated500-3
No Path
## File: generated1000-1
Path: 1 32 63 64 95 126 157 156 187 218 249 250 281 282 314 345 346 347 378 409 440 471 502 532 563 564 595 626 657 656 655 686 717 747 746 777 778 809 839 840 841 872 903 934 935 936 967 968 969 1000
Length: 794.52
## File: generated1000-2
No path
## File: generated1000-3
No path
## File: generated1000-4
No path
## File: generated2000
Path: [0, 309, 533, 800, 1110, 1377, 1733, 1999]
Length 1078.25 
## File: generated5000
Path: [0, 70, 2, 140, 351, 494, 564, 633, 914, 986, 1055, 1198, 1338, 1550, 1621, 1831, 2042, 1973, 2183, 2326, 2398, 2538, 2678, 2890, 2960, 3031, 3313, 3383, 3523, 3665, 3875, 4016, 4084, 4296, 4365, 4505, 4576, 4577, 4926, 4997, 4999]
Length 1137.2650467886222 


